%YAML:1.0
---
K: !!opencv-matrix
   rows: 3
   cols: 3
   dt: d
   data: [ 6.9511361561000001e+02, 0., 4.8116952818999999e+02, 0.,
       6.9511361561000001e+02, 2.6555048459000000e+02, 0., 0., 1. ]
D: !!opencv-matrix
   rows: 5
   cols: 1
   dt: d
   data: [ -1.1983283309789111e-01, 2.7076763925130121e-01, 0., 0.,
       -7.3458604303021896e-02 ]
r: !!opencv-matrix
   rows: 3
   cols: 1
   dt: d
   data: [ -9.9000000000000005e-02, 3.2999999999999662e-02,
       5.1490929575681577e-15 ]
t: !!opencv-matrix
   rows: 3
   cols: 1
   dt: d
   data: [ 1.7655262823707657e-01, -5.0000000000000000e-01,
       2.1051564943421215e+00 ]
sz: [ 960, 540 ]
remapped:
   []
dm: simple
