%YAML:1.0
---
deviceType: Camera
K: !!opencv-matrix
   rows: 3
   cols: 3
   dt: d
   data: [ 5.9567368768534448e+02, 0., 6.4390965693816531e+02, 0.,
       5.9567368768534448e+02, 3.8727799290834582e+02, 0., 0., 1. ]
D: !!opencv-matrix
   rows: 5
   cols: 1
   dt: d
   data: [ -2.0891174963819911e-01, 9.1066993168715499e-02, 0., 0.,
       -1.7274331181776223e-02 ]
r: !!opencv-matrix
   rows: 3
   cols: 1
   dt: d
   data: [ -4.6778921631841147e-01, -2.1743627522923571e-02,
       -7.3148117686068520e-02 ]
t: !!opencv-matrix
   rows: 3
   cols: 1
   dt: d
   data: [ 3.4381784171501018e-01, -3.6789046926501856e-01,
       3.8630000000000000e+00 ]
sz: [ 1280, 720 ]
remapped:
   []
dm: simple
