%YAML:1.0
---
deviceType: Camera
K: !!opencv-matrix
   rows: 3
   cols: 3
   dt: d
   data: [ 5.9424091975039414e+02, 0., 6.3180430693463859e+02, 0.,
       5.9424091975039414e+02, 3.7229101410696637e+02, 0., 0., 1. ]
D: !!opencv-matrix
   rows: 5
   cols: 1
   dt: d
   data: [ -2.1550330334250348e-01, 9.9398793349046222e-02, 0., 0.,
       -2.1064447033253809e-02 ]
r: !!opencv-matrix
   rows: 3
   cols: 1
   dt: d
   data: [ -4.2003249063499265e-01, -1.0935167641856761e-02,
       5.1043370544386006e-02 ]
t: !!opencv-matrix
   rows: 3
   cols: 1
   dt: d
   data: [ -3.2650000000000001e-01, -4.0000000000000002e-01,
       3.8500000000000001e+00 ]
sz: [ 1280, 720 ]
remapped:
   []
dm: simple
