%YAML:1.0
---
deviceType: GPSDevice
exPose:
   angles: !!opencv-matrix
      rows: 3
      cols: 1
      dt: d
      data: [ 0., 0., 0. ]
   t: !!opencv-matrix
      rows: 3
      cols: 1
      dt: d
      data: [ -7.5000000000000000e-01, -5.9999999999999998e-01,
          3.7500000000000000e+00 ]
   remapped:
      []
enCorrection:
   enShift: !!opencv-matrix
      rows: 2
      cols: 1
      dt: d
      data: [ 0., 0. ]
